svg=['#000000';
'#15171c';
'#1a1a1a';
'#222529';
'#262934';
'#2b303b';
'#2d323d';
'#2d323f';
'#353a47';
'#383c4a';
'#3b3c3e';
'#434343';
'#525d76';
'#5294e2';
'#5b627b';
'#5f6578';
'#5f697f';
'#666666';
'#7a7f8b';
'#999999';
'#b9bcc2';
'#bebebe';
'#c0e3ff';
'#c4c7cc';
'#eeeeee';
'#f8f8f9';
'#f9fafb'];
