svg2=['#000000';
'#1a1a1a';
'#232428';
'#252932';
'#262932';
'#262933';
'#262934';
'#272a30';
'#282b36';
'#2b2e39';
'#2b303b';
'#2d3036';
'#2d303b';
'#2d3232';
'#2d323d';
'#2e3340';
'#2f343f';
'#303440';
'#313541';
'#383c45';
'#383c4a';
'#393f3f';
'#39404d';
'#3b3c3e';
'#3e434f';
'#3e4350';
'#3e4351';
'#404552';
'#444852';
'#444a58';
'#454c4c';
'#4e4eff';
'#505666';
'#5252ff';
'#52555e';
'#525762';
'#5294e2';
'#545860';
'#5c616c';
'#666666';
'#66a1dc';
'#767b87';
'#7a7f8a';
'#878787';
'#8f939d';
'#9398a2';
'#999999';
'#ad4242';
'#c7cacf';
'#cfd6e6';
'#eeeeee';
'#f7ef45';
'#ff1111';
'#ff1616';
'#ff2121';
'#ffffff'];
