gtk3=['#262932';
'#2f343f';
'#353945';
'#383C4A';
'#3e4350';
'#404552';
'#454C5C';
'#5c616c';
'#666A74';
'#7A7F8B';
'#7c818c';
'#90939B';
'#90949E';
'#A8A8A8';
'#B6B8C0';
'#BAC3CF';
'#C4C7CC';
'#D1D3DA';
'#D3DAE3';
'#F04A50';
'#F27835';
'#F5F6F7';
'#F8F8F9';
'#FC4138';
'#be3841';
'#cc575d';
'#cfd6e6';
'#d7787d';
'#e7e8eb';
'#f13039';
'#f46067';
'#f68086';
'#fdfdfd';
'#4DADD4';
'#5294E2';
'#73d216';
'#ffffff'];
