svg=['#000000';
'#15171c';
'#1a1a1a';
'#222529';
'#262934';
'#2b303b';
'#2d323d';
'#2d323f';
'#2f343f';
'#353a47';
'#383c4a';
'#3b3c3e';
'#434343';
'#525d76';
'#5294e2';
'#5b627b';
'#5c616c';
'#5f6578';
'#5f697f';
'#666666';
'#7a7f8b';
'#999999';
'#b9bcc2';
'#be3841';
'#bebebe';
'#c0e3ff';
'#c4c7cc';
'#cc575d';
'#cfd6e6';
'#d7787d';
'#e7e8eb';
'#eeeeee';
'#f13039';
'#f46067';
'#f68086';
'#f8f8f9';
'#f9fafb';
'#ffffff'];
