gtk2=['#353945';
'#383C4A';
'#3e4350';
'#404552';
'#5294E2';
'#7c818c';
'#D3DAE3';
'#FFFFFF'];
