svg2=['#000000';
'#232428';
'#252932';
'#262932';
'#262933';
'#272a30';
'#282b36';
'#2b2e39';
'#2d3036';
'#2d303b';
'#2d3232';
'#2e3340';
'#303440';
'#313541';
'#383c45';
'#393f3f';
'#39404d';
'#3e434f';
'#3e4351';
'#444852';
'#444a58';
'#454c4c';
'#4e4eff';
'#505666';
'#5252ff';
'#52555e';
'#525762';
'#545860';
'#66a1dc';
'#767b87';
'#7a7f8a';
'#878787';
'#8f939d';
'#9398a2';
'#ad4242';
'#c7cacf';
'#f7ef45';
'#ff1111';
'#ff1616';
'#ff2121';
'#ffffff'];
